name: goal_cone_02
type: cone
pose:
  x: -0.514
  y: 3.177
  z: 0.5
  roll: 5.254459108606895e-17
  pitch: -7.713284103729037e-10
  yaw: 0.4572
size:
  radius: 0.5
  length: 1.0
physics:
  static: false
visual:
  color:
    r: 0.699999988
    g: 0.699999988
    b: 0.699999988
    a: 1.0
